0,80,51,55,36,35,80,57,54,87,68,66,16,39,15,67,67,83,70,29,59,3,57,31,8,87,38,22,62,39,52,8,71,3,64,59,90,44,16,44,31,36,62,99,28,78,18,95,13,40,77,72,95,34,56,3,73,94,26,36,85,30,44,8,33,8,67,76,4,35,20,35,24,35,86,52,13,4,99,26,96,76,51,91,10,59,47,84,5,25,72,90,55,16,50,
1,4,89,69,28,24,7,32,37,64,32,15,60,8,18,4,71,29,51,7,34,76,79,76,83,47,26,23,24,95,40,58,0,81,79,80,5,86,13,94,2,45,9,63,5,80,67,76,9,70,83,96,98,14,72,81,62,51,56,38,46,48,48,46,29,27,79,34,66,92,28,68,89,90,83,94,22,2,23,31,72,58,
2,1,79,76,19,23,5,88,12,47,23,58,69,26,33,52,50,92,32,73,65,36,28,52,91,40,77,44,53,51,44,95,5,23,71,24,46,28,64,10,75,88,21,44,14,54,97,64,98,81,37,63,69,18,15,60,10,45,4,63,96,1,58,1,24,82,26,23,10,42,85,86,30,58,30,44,65,79,61,63,60,50,79,29,68,94,41,79,39,98,94,
3,99,53,41,75,87,19,50,97,62,88,83,92,46,66,37,63,97,50,27,10,0,6,91,69,52,33,48,44,83,42,84,34,47,25,61,86,45,64,84,7,52,19,99,50,85,88,14,35,38,93,45,39,99,36,8,3,21,8,99,56,2,83,90,2,9,4,88,54,68,24,61,72,44,12,22,81,1,88,16,91,81,13,30,32,50,90,36,23,
4,5,71,22,59,80,78,47,86,46,24,99,18,68,11,93,49,64,81,18,56,63,31,38,95,33,81,83,57,83,71,89,40,42,63,99,74,42,99,60,88,23,11,59,43,22,4,92,39,85,62,47,0,94,37,96,27,70,31,36,6,2,25,46,96,89,98,70,31,97,82,71,72,93,82,15,68,86,59,7,72,
5,20,6,9,18,3,50,16,25,81,65,60,5,37,53,87,4,21,26,16,80,50,90,86,74,10,82,47,57,48,99,41,68,57,3,38,12,53,55,90,87,20,50,92,10,3,31,14,77,9,82,9,59,72,48,34,82,30,81,40,78,32,33,98,41,36,36,6,42,91,96,29,64,46,73,74,49,56,40,78,18,23,88,77,47,
6,18,96,74,96,80,7,46,74,96,82,80,38,26,76,19,90,22,44,16,23,52,8,2,70,31,90,0,31,78,63,13,96,12,87,44,92,46,90,66,94,24,98,84,2,74,3,44,96,99,60,20,52,69,74,22,52,16,22,83,94,38,48,42,50,87,38,94,34,80,13,28,4,11,65,7,38,20,51,86,20,64,6,
7,32,98,37,48,73,73,94,63,21,36,65,9,74,59,95,54,24,75,11,88,40,70,26,61,73,64,33,37,71,9,22,55,7,12,4,80,85,98,95,58,87,60,67,13,20,14,20,96,90,31,36,82,53,14,95,26,79,28,64,2,37,38,57,97,50,61,29,87,12,25,46,51,85,65,64,57,80,84,54,22,67,42,4,20,57,
8,36,80,63,38,70,53,95,19,56,9,48,43,73,73,89,24,11,55,88,68,87,25,74,9,44,17,65,17,26,17,16,62,98,31,52,20,84,99,39,40,60,87,36,33,13,25,57,76,32,98,44,71,75,71,32,19,40,98,36,66,15,4,80,65,35,84,85,72,83,24,12,44,64,0,29,29,26,87,5,10,37,1,34,12,24,66,83,64,64,20,82,80,24,14,97,12,98,83,84,
9,35,11,23,99,35,90,83,52,6,3,86,38,79,53,36,91,51,19,27,37,78,76,67,54,77,27,58,4,25,68,45,61,31,69,60,66,11,43,70,17,98,57,56,30,10,44,21,13,63,1,51,93,29,18,47,6,45,6,62,71,26,7,84,57,76,44,75,39,40,46,57,38,55,65,68,17,9,42,82,24,95,33,17,24,4,17,30,1,75,
10,5,85,19,45,83,28,35,90,93,56,7,54,50,90,78,45,75,48,21,79,17,51,33,92,95,57,97,98,66,7,78,71,44,50,68,28,78,3,70,24,11,78,30,61,20,61,58,95,9,79,27,78,82,60,22,77,17,19,28,35,26,6,6,22,8,74,2,87,30,73,63,41,51,93,55,23,54,13,18,15,
11,97,93,75,9,15,5,27,86,33,14,12,91,73,87,0,47,89,39,29,62,2,23,65,47,78,88,2,91,59,69,36,56,15,64,18,30,21,97,69,6,11,33,49,84,20,49,84,10,40,65,72,94,88,90,42,66,78,96,10,89,65,98,98,80,14,16,63,35,13,32,41,24,65,43,61,86,92,45,96,85,10,20,79,51,10,21,69,41,17,79,30,35,30,
12,80,68,47,66,13,44,14,98,6,86,29,57,49,51,27,90,20,58,72,7,88,1,23,85,97,53,17,7,68,94,93,48,63,92,66,28,36,32,26,42,18,55,0,19,58,79,9,31,37,82,38,78,35,13,63,32,19,32,91,87,78,36,87,41,28,5,69,16,37,47,59,7,55,11,27,13,42,88,96,79,22,35,9,57,48,24,
13,22,45,28,50,50,50,67,87,97,78,47,4,41,74,70,83,62,66,62,85,53,72,94,54,48,36,73,57,22,32,44,44,77,72,94,28,74,13,67,24,91,14,28,32,40,98,15,3,17,30,40,70,54,34,76,2,23,50,59,45,82,55,89,11,80,35,91,54,49,59,78,92,25,59,77,66,9,44,21,26,74,13,49,80,99,25,35,
14,96,64,88,45,75,19,89,1,78,66,19,39,11,92,18,37,57,67,70,56,44,57,31,72,3,50,33,57,11,58,39,7,23,28,4,98,47,45,51,77,12,22,16,75,66,34,64,75,53,86,32,98,43,15,22,47,17,7,4,28,66,96,87,89,76,43,39,23,89,43,52,53,17,20,80,84,55,96,11,60,83,95,
15,2,43,90,77,84,33,81,37,3,1,69,39,8,66,50,69,49,46,79,75,56,12,1,36,4,83,97,14,9,97,13,63,40,3,92,25,89,73,14,92,74,36,31,35,2,81,4,3,27,83,30,36,47,83,72,3,66,21,69,75,70,82,90,11,38,82,88,27,7,54,19,82,90,2,69,44,83,73,47,63,8,30,99,8,13,23,63,80,97,33,7,67,15,98,78,5,32,18,32,
16,55,78,48,87,75,81,94,43,48,44,73,6,29,92,90,69,17,94,95,84,51,38,96,44,6,56,48,82,97,55,19,4,34,19,91,61,52,38,4,52,82,30,58,63,74,49,32,43,95,27,27,46,17,24,43,23,32,91,58,81,47,77,86,33,48,29,94,0,67,51,52,2,81,11,65,55,12,50,98,7,77,25,5,95,
17,80,67,91,9,53,24,57,82,18,57,2,21,62,4,2,25,21,57,37,71,7,44,49,85,49,96,86,98,18,72,90,99,39,81,8,92,57,66,26,27,75,80,49,37,84,51,62,58,61,51,29,68,95,30,53,97,78,92,47,97,64,89,48,3,22,56,47,79,74,25,6,50,6,7,39,42,59,54,0,72,5,82,40,53,12,46,50,91,38,49,40,2,
18,57,60,96,4,91,71,29,49,73,87,57,12,30,68,66,82,40,72,64,32,25,77,30,27,20,68,76,12,22,14,0,79,26,96,35,17,19,65,18,92,4,75,5,34,95,23,69,87,95,33,20,72,62,50,99,82,71,27,94,93,41,46,25,19,95,60,88,14,77,7,59,82,34,16,68,30,39,37,17,87,71,89,59,33,92,11,68,15,
19,51,56,46,40,22,75,99,81,57,33,97,78,63,89,15,33,76,38,74,35,72,66,98,92,81,37,6,42,21,19,79,72,75,25,64,50,53,63,83,10,49,81,40,12,70,56,97,98,94,72,33,18,90,84,62,72,73,69,66,94,88,45,18,16,23,83,18,76,98,1,38,99,34,79,64,4,35,61,2,81,85,88,52,76,24,
20,83,66,91,24,11,9,40,34,44,58,62,95,11,1,94,46,32,58,50,19,20,5,0,5,45,52,33,69,67,81,18,2,99,9,26,11,70,18,97,15,28,12,62,40,13,56,86,97,67,88,16,87,45,16,44,42,21,78,63,88,11,81,90,63,90,69,74,13,87,23,28,68,35,90,8,0,98,46,97,65,34,13,4,80,82,1,74,3,31,38,91,94,71,33,57,14,54,
21,27,94,59,55,62,94,97,70,47,47,16,96,13,2,62,69,34,44,22,9,47,53,99,90,48,70,75,57,84,30,41,11,24,52,18,38,98,67,60,45,67,28,94,32,30,56,1,17,0,24,26,99,29,77,89,29,99,16,87,84,98,80,47,74,32,18,12,30,37,72,28,4,0,22,36,83,78,90,0,30,66,78,29,
22,55,70,25,54,86,64,90,85,96,38,59,28,8,72,10,45,96,90,2,97,12,38,80,42,28,32,72,46,10,1,42,65,71,19,71,10,83,62,95,79,52,6,59,12,30,69,57,27,12,11,76,76,50,8,19,30,40,43,77,2,97,71,19,20,90,90,30,73,4,77,52,8,36,63,20,66,84,30,45,96,41,73,73,43,81,44,26,73,87,3,75,84,74,94,5,
23,93,65,93,2,1,56,74,67,40,56,65,89,50,38,62,93,72,6,19,97,93,74,73,30,48,19,35,64,8,22,5,2,87,98,56,40,54,30,60,47,39,25,36,89,15,50,82,87,56,54,85,1,28,10,31,29,81,18,45,42,93,51,44,32,49,52,73,56,34,33,3,73,10,91,62,25,41,97,65,49,51,2,50,31,64,34,12,45,4,
24,97,9,83,30,10,35,55,18,70,40,73,43,50,64,58,27,5,55,92,6,58,46,57,41,10,43,54,8,47,12,47,97,73,31,79,35,18,34,54,40,74,27,36,24,92,94,3,49,1,48,56,11,94,65,52,57,60,6,65,59,18,12,56,43,95,35,79,14,69,33,6,95,12,42,19,56,88,75,6,89,23,14,0,17,31,5,74,
25,11,91,50,82,4,59,77,51,94,56,17,16,41,24,11,54,66,83,62,55,58,20,96,33,34,49,50,17,54,77,8,65,68,11,99,24,70,77,76,16,85,93,84,27,69,48,33,36,83,47,43,41,68,39,74,2,88,76,72,42,5,80,60,26,43,59,2,65,88,30,34,74,76,18,53,45,18,38,81,1,85,24,94,53,16,68,8,4,97,32,47,
26,8,70,83,25,59,13,59,85,89,30,90,87,48,80,68,50,65,45,44,71,13,65,31,17,14,63,16,68,27,75,1,87,98,36,13,9,1,72,94,91,2,36,30,3,16,98,5,33,95,1,56,8,66,87,78,32,2,94,53,82,22,54,69,72,42,82,81,43,55,27,86,9,63,16,12,31,15,69,64,62,
27,60,1,22,15,47,27,97,21,33,66,93,75,1,26,18,56,53,5,17,68,21,82,99,88,51,16,51,22,89,26,12,1,79,86,68,78,13,65,0,46,84,45,21,85,24,91,93,77,96,10,98,18,44,49,6,96,65,9,70,6,87,34,60,66,72,28,45,85,94,97,83,30,94,56,15,18,48,8,48,44,18,46,14,15,47,73,63,65,82,
28,88,92,64,33,30,10,82,65,40,77,22,55,95,22,63,95,18,33,93,33,48,41,6,11,6,40,97,29,62,17,65,3,61,29,36,43,39,19,9,79,48,83,34,43,5,97,91,75,82,84,8,31,25,66,42,83,59,91,65,73,60,30,76,22,59,65,65,98,36,26,77,84,9,63,79,66,12,70,42,94,55,2,25,
29,11,33,53,72,63,82,46,74,47,63,72,83,90,1,67,51,64,98,70,28,69,12,22,76,66,48,60,87,20,28,67,83,13,73,55,76,7,53,2,54,17,74,89,59,27,8,62,43,6,32,71,27,96,94,55,63,94,16,2,66,96,22,49,10,47,5,38,54,10,41,60,79,67,49,38,95,9,53,38,67,
30,62,95,34,8,2,49,2,18,51,68,15,25,17,25,72,74,15,26,37,56,86,16,24,87,55,71,48,8,9,16,45,23,63,31,31,65,32,85,36,84,5,51,61,23,28,34,49,43,60,86,52,99,55,28,86,10,99,35,70,60,3,67,84,18,51,15,83,83,53,71,19,58,22,81,33,2,15,83,98,75,21,2,74,76,30,
31,55,80,25,73,31,93,8,14,46,80,34,4,54,15,38,9,82,73,7,57,46,61,84,75,91,49,65,20,1,78,61,56,58,87,81,41,80,41,55,26,73,41,82,28,8,20,89,90,45,48,0,92,9,36,19,0,37,84,72,38,62,33,46,20,20,79,61,52,20,69,30,46,62,65,74,71,85,15,13,83,63,65,27,72,1,46,24,90,30,
32,80,45,29,26,17,2,57,31,6,78,0,37,24,14,2,50,37,39,17,3,74,80,68,1,4,22,47,28,12,30,76,93,75,5,71,92,59,29,23,66,59,75,3,35,42,57,37,79,96,54,82,71,86,51,24,90,25,72,70,37,54,46,82,81,3,54,73,63,35,49,29,94,76,84,29,70,41,18,50,89,72,32,12,10,35,37,0,60,61,22,50,67,20,32,48,23,
33,18,23,86,90,8,50,0,95,39,52,56,52,26,58,19,46,42,67,22,81,41,60,6,15,80,26,18,83,26,92,80,45,67,18,87,75,20,88,71,60,92,79,12,19,89,32,17,31,99,39,64,92,0,23,8,32,49,78,15,27,22,47,72,90,65,12,65,86,52,88,98,44,19,10,15,8,94,33,40,94,24,56,38,24,79,98,56,28,77,24,8,99,71,32,41,89,
34,47,25,41,67,87,8,75,82,41,67,28,18,24,66,42,3,17,51,84,94,27,92,45,50,76,39,91,21,98,70,17,97,47,10,16,35,19,92,69,12,11,49,30,35,67,25,91,84,28,27,30,7,71,76,57,47,67,49,68,65,71,38,62,19,48,79,54,19,23,75,32,86,24,14,74,91,91,65,76,19,44,6,26,15,34,36,62,1,37,83,18,8,21,33,27,69,
35,39,8,73,25,84,39,99,76,31,16,4,2,60,62,81,27,49,17,90,2,6,73,21,14,46,54,94,15,70,79,56,9,40,81,34,24,73,86,52,56,2,56,58,15,71,91,42,72,60,84,74,66,9,47,33,55,53,79,23,23,58,31,32,98,65,67,23,38,5,75,94,7,84,4,74,7,96,69,79,56,53,53,23,15,53,8,70,6,87,
36,42,33,71,80,38,46,26,98,82,30,72,41,26,93,20,35,99,26,10,14,79,18,36,37,5,82,67,2,11,82,50,53,67,21,85,6,20,63,4,2,93,28,44,72,22,16,7,21,94,17,87,73,35,23,63,92,57,82,46,68,16,49,73,84,70,10,90,90,73,94,45,67,22,41,91,96,57,98,17,52,67,4,77,54,80,40,98,37,75,44,58,91,93,31,75,16,
37,2,75,52,6,94,8,35,48,88,28,46,78,3,43,36,94,88,67,70,4,61,35,63,29,47,14,63,33,59,41,15,13,68,67,71,63,28,6,11,16,34,10,94,89,53,30,84,41,50,6,98,11,41,61,40,40,27,56,25,38,49,41,51,17,60,74,32,40,81,44,57,67,6,3,57,59,86,93,52,36,99,50,
38,92,11,92,33,39,48,10,29,97,51,33,66,64,7,99,4,88,95,13,8,1,17,17,12,55,62,64,43,61,67,42,5,78,34,90,69,34,1,99,83,4,84,2,68,91,1,25,32,48,90,92,1,59,9,65,14,71,29,57,84,48,52,89,27,38,80,48,73,81,99,8,37,83,10,6,75,63,83,59,63,25,51,16,85,60,81,99,83,63,9,67,11,13,8,90,51,88,39,76,
39,85,59,74,47,17,1,11,52,12,26,77,63,43,62,75,24,14,58,87,75,77,51,88,85,41,91,26,32,68,99,23,5,10,97,4,79,50,15,31,62,94,61,25,37,75,52,61,41,62,1,16,39,4,56,76,45,48,54,78,68,54,1,73,16,50,77,96,0,45,79,14,39,40,91,28,68,43,89,9,5,42,78,96,46,86,72,44,34,79,22,
40,29,6,77,43,45,69,86,25,89,29,66,51,86,9,29,82,7,15,6,3,2,85,77,8,70,52,88,72,29,97,21,58,3,50,53,0,72,39,25,61,20,91,12,58,52,93,92,12,61,99,15,63,36,93,23,59,97,11,83,79,60,4,89,63,7,43,15,79,34,92,92,55,36,5,65,40,50,58,52,11,9,20,26,45,13,50,56,62,61,39,41,22,96,31,37,55,74,
41,35,33,78,86,91,82,97,0,2,24,97,67,74,54,30,35,45,23,9,93,54,99,48,80,56,34,41,5,13,60,43,48,93,21,34,84,55,32,36,58,8,34,77,82,88,59,69,85,83,31,79,89,30,27,70,86,62,63,43,75,23,86,75,69,59,62,53,15,46,42,73,54,76,2,36,16,62,57,1,97,88,80,86,70,8,
42,86,21,13,32,15,38,86,91,40,74,7,54,32,61,3,72,41,90,43,1,50,51,23,74,55,72,73,94,97,41,44,35,14,57,20,30,47,58,21,39,33,81,46,17,42,49,41,35,91,36,37,42,40,60,68,95,33,41,89,82,34,33,17,48,42,89,30,41,48,4,81,33,85,79,2,79,28,43,14,72,80,51,66,20,64,34,67,97,27,57,31,61,42,48,61,37,90,92,
43,11,23,33,90,25,64,71,20,30,43,52,34,9,24,98,95,92,47,22,1,78,35,43,78,96,32,68,40,11,58,36,74,81,21,17,6,37,40,79,68,83,31,2,44,56,52,91,0,99,13,1,29,48,44,7,96,77,76,37,40,34,25,66,68,99,83,74,36,23,5,56,58,37,10,54,45,62,45,45,13,10,46,42,58,42,50,7,19,78,44,11,64,21,78,32,20,
44,38,47,43,4,58,41,46,68,84,48,27,3,78,71,67,43,45,45,27,65,58,38,26,47,55,92,95,8,68,97,59,58,96,2,62,6,44,61,27,28,9,54,83,88,78,2,83,23,99,62,40,10,1,67,57,8,59,4,16,79,53,75,89,50,30,52,8,26,13,35,6,74,90,41,14,68,44,97,91,43,60,31,53,13,50,63,21,9,67,89,40,21,17,30,23,47,82,31,
45,77,16,37,20,12,49,3,17,14,54,80,35,15,0,77,56,73,94,86,96,93,20,79,18,19,98,49,92,7,21,32,36,90,70,56,2,71,12,71,86,66,52,73,81,4,50,89,77,96,75,25,89,47,4,7,66,3,8,11,62,82,43,99,72,65,7,26,89,19,97,75,37,1,0,71,57,3,60,34,99,88,59,89,35,16,48,54,19,
46,60,84,63,78,92,41,67,63,90,94,1,44,94,72,1,97,32,36,49,72,47,90,8,63,38,62,34,47,79,68,90,91,52,5,69,96,46,88,60,37,82,13,81,29,37,82,78,21,70,27,94,18,17,2,33,8,16,68,7,95,88,98,86,92,3,8,41,2,96,53,39,31,66,72,12,3,6,90,76,29,70,70,47,39,72,32,47,40,0,55,35,
47,74,62,30,27,53,13,45,77,25,0,84,68,76,13,38,47,12,77,71,44,77,12,97,84,99,37,89,25,22,1,59,48,64,90,27,17,55,72,95,81,72,31,1,1,96,91,48,60,20,71,56,97,83,53,33,35,43,74,60,17,76,20,66,40,62,93,9,69,18,56,2,90,87,3,43,35,46,91,95,67,15,52,
48,57,50,85,0,76,98,70,52,70,36,44,32,81,54,53,99,62,56,42,50,59,85,37,6,29,33,25,44,37,93,94,94,43,80,47,72,78,17,24,48,5,69,32,86,75,85,38,37,41,80,39,53,17,29,11,46,14,88,42,51,81,37,97,77,69,96,49,99,65,25,99,22,94,31,9,21,68,99,11,62,79,2,67,48,31,30,95,45,18,37,96,51,26,46,28,95,94,77,
49,60,3,93,82,49,76,43,23,97,42,34,59,73,88,78,74,20,8,69,65,26,58,14,77,37,12,58,84,6,87,31,18,42,24,1,92,53,96,67,50,91,53,61,16,41,39,90,61,47,11,79,25,22,45,54,11,57,64,95,63,52,26,82,94,3,35,38,56,83,5,58,26,10,19,43,52,10,85,65,9,49,44,86,71,89,92,82,98,57,77,14,61,56,96,
50,94,15,18,51,25,45,62,96,40,66,6,25,83,15,74,80,1,97,21,45,79,20,2,9,34,63,17,82,71,76,17,17,43,35,68,68,32,82,64,72,0,70,50,84,37,24,64,90,74,85,35,5,57,90,66,91,5,83,73,76,59,42,93,2,78,14,22,62,48,86,35,1,8,37,85,97,13,1,87,87,38,75,93,
51,65,59,39,22,43,13,99,2,7,44,57,37,10,79,0,59,18,87,60,26,24,97,24,37,50,63,25,88,38,18,84,55,29,76,30,72,41,81,27,48,25,36,86,88,15,86,47,33,73,59,12,49,8,88,86,58,51,63,46,42,33,83,49,63,59,31,87,0,12,66,0,38,2,86,26,18,72,25,3,97,36,15,98,44,55,85,54,7,48,52,1,82,35,2,97,46,
52,98,46,51,99,36,53,85,14,23,10,91,27,59,27,94,58,23,50,95,29,9,95,82,62,77,69,16,26,16,50,11,66,49,14,65,37,19,3,4,43,65,95,22,76,75,16,86,50,18,81,80,27,77,62,41,6,31,58,33,99,60,96,66,9,62,83,99,81,38,3,76,55,98,50,32,25,19,18,76,37,52,56,17,29,
53,1,68,72,1,29,68,67,90,82,2,89,16,41,92,44,96,43,95,80,68,14,99,44,3,3,52,72,84,70,83,71,72,51,44,25,32,64,92,23,47,46,12,15,87,57,59,36,0,54,16,20,20,67,17,24,70,69,48,54,92,31,78,64,35,74,41,19,38,33,42,37,79,7,52,19,16,12,55,68,66,23,88,39,91,5,15,13,
54,35,34,72,76,53,10,9,96,0,40,55,52,11,71,16,18,39,35,42,27,74,85,85,89,98,12,4,18,31,51,68,66,85,40,42,39,3,3,87,3,95,42,7,59,13,24,77,4,59,71,83,33,56,68,74,7,32,78,25,63,30,94,81,67,86,75,6,89,30,93,44,78,87,52,37,0,76,66,4,87,38,88,72,46,8,46,53,41,24,31,56,6,77,90,74,63,17,32,
55,85,74,68,75,14,40,22,23,38,27,16,15,58,24,73,87,66,99,3,84,32,8,84,10,9,14,75,63,33,93,44,18,68,65,94,34,57,68,57,48,95,25,63,6,50,36,93,16,36,96,52,20,4,88,30,66,2,57,29,87,3,25,58,23,42,52,57,0,72,67,48,67,92,63,25,94,51,19,63,39,67,
56,58,99,71,46,54,96,4,77,39,8,34,91,32,53,39,51,46,54,77,92,5,96,55,45,15,71,56,39,27,98,29,37,49,0,35,3,49,39,32,40,99,18,31,31,72,22,83,18,28,12,62,33,60,18,30,75,41,39,15,20,37,44,57,38,97,93,93,98,84,25,38,36,43,21,19,15,43,2,85,71,66,0,56,26,18,39,2,11,78,17,
57,5,10,33,98,60,18,75,98,6,70,19,25,38,14,80,23,37,46,75,94,73,93,33,75,4,11,92,87,78,57,28,35,20,61,85,80,31,60,79,37,30,50,63,68,65,43,44,54,89,19,48,14,65,33,89,21,96,33,9,26,91,37,61,11,50,98,43,82,58,74,71,41,25,34,61,42,29,57,96,71,29,97,85,94,82,75,15,79,
58,28,32,69,21,9,56,34,51,85,92,0,8,21,97,94,67,31,21,34,10,81,63,68,85,28,39,51,44,8,61,42,88,46,64,61,55,20,96,59,57,40,59,66,13,8,12,80,39,33,66,2,14,29,22,51,58,61,3,2,21,64,97,10,10,61,71,18,33,19,77,42,59,88,60,72,48,72,52,39,5,71,93,72,0,15,75,10,28,78,13,2,95,62,64,57,23,87,75,
59,66,29,17,67,97,92,29,77,23,42,79,70,56,43,27,31,31,55,39,38,59,42,56,56,57,47,0,92,43,36,37,9,18,54,28,15,99,58,92,74,52,24,44,9,67,71,40,50,26,32,40,38,26,97,94,83,44,94,27,39,83,65,49,1,71,29,16,70,87,60,44,92,84,40,53,4,12,45,54,38,77,95,76,55,92,22,90,88,17,18,28,0,83,
60,81,25,90,18,66,95,22,78,40,76,68,70,71,97,25,15,19,16,56,88,86,36,40,21,65,93,27,75,14,56,73,96,82,15,14,48,10,88,26,3,64,46,73,88,43,50,55,63,18,63,3,4,99,44,25,16,37,5,92,4,61,17,0,43,33,66,91,95,54,69,50,70,16,23,10,11,26,66,74,96,29,30,1,81,74,78,97,63,83,89,67,97,59,67,40,92,85,84,
61,5,90,14,21,65,24,33,91,42,59,88,24,89,41,5,15,71,54,79,7,96,46,56,55,66,96,99,3,32,38,95,38,80,61,11,46,85,44,89,80,56,29,56,97,22,61,13,46,67,92,5,63,90,61,18,56,9,17,60,42,8,7,32,88,68,43,86,5,40,28,85,96,9,41,45,84,54,58,30,22,2,87,85,93,48,56,49,9,73,61,3,
62,68,35,22,36,79,60,42,19,88,79,67,50,21,12,34,27,23,16,49,25,3,87,70,3,43,20,12,68,81,68,2,2,3,24,38,34,36,32,5,77,12,24,27,85,37,61,64,12,77,14,37,32,53,8,35,48,80,99,16,13,67,70,15,23,46,6,57,83,38,15,60,2,39,39,87,28,52,52,40,81,18,
63,39,83,67,10,51,90,56,57,99,91,95,14,3,98,54,42,37,82,94,41,23,75,11,5,40,34,43,40,57,65,92,97,0,11,59,51,53,67,8,52,59,56,19,62,6,73,5,95,7,51,37,82,79,48,87,19,83,82,12,92,47,4,89,0,15,0,51,68,68,12,72,79,20,91,41,26,16,98,21,76,2,10,58,81,59,98,52,94,80,16,86,80,72,28,80,87,80,83,7,
64,71,19,68,73,29,78,6,40,76,11,86,9,27,25,41,0,5,73,39,85,56,99,86,56,31,65,23,6,86,69,50,10,40,18,83,69,49,42,62,77,53,0,86,80,25,79,80,30,52,72,16,61,71,2,17,54,67,92,60,6,61,11,16,53,81,51,75,30,93,37,8,46,37,46,79,15,26,11,45,30,83,13,91,6,67,8,60,87,1,21,45,14,
65,13,20,65,64,95,48,10,84,8,8,21,54,87,88,32,99,34,63,34,99,6,41,67,67,1,6,20,22,51,34,58,64,6,76,80,1,24,90,85,84,99,59,90,38,47,23,37,33,38,72,33,44,13,52,11,14,58,31,89,9,18,99,25,24,75,5,78,51,96,63,35,47,22,78,85,22,53,75,55,91,99,88,87,12,
66,51,78,50,82,19,11,52,19,36,29,46,42,7,98,90,70,85,89,45,15,26,67,68,1,74,11,0,63,99,64,7,50,95,58,84,66,69,89,37,58,18,84,52,25,34,94,47,71,83,92,87,61,11,7,63,86,19,15,1,70,32,8,72,27,66,56,45,88,45,83,98,15,19,50,40,53,44,88,76,79,32,15,40,96,23,55,82,94,71,35,64,3,
67,62,44,27,2,42,62,0,57,81,50,50,86,46,38,63,25,22,78,17,18,53,73,52,47,96,87,11,99,31,99,33,45,44,12,47,38,75,47,95,8,49,45,95,47,35,58,24,10,88,41,28,42,14,33,89,10,20,53,61,3,4,46,48,0,11,47,38,38,46,34,46,95,31,41,94,19,51,18,29,92,60,9,
68,15,80,50,70,85,49,71,85,60,18,24,98,65,10,96,12,93,90,7,12,41,77,41,33,37,51,19,16,45,47,5,60,27,7,31,64,56,2,2,68,72,26,18,37,88,15,2,33,5,61,46,98,38,39,84,28,90,3,44,88,50,49,48,30,8,31,94,17,85,96,85,58,74,56,47,14,71,1,48,28,62,46,78,53,85,62,81,28,66,
69,86,48,45,3,85,93,41,43,20,97,43,86,20,44,34,0,7,80,78,60,18,41,93,46,7,70,62,27,96,78,78,34,78,23,38,64,68,79,59,40,28,2,27,0,47,13,0,6,46,78,66,64,19,59,10,78,29,72,58,77,2,36,63,81,11,1,97,79,32,56,72,12,59,99,12,6,12,12,12,58,43,30,74,14,41,84,45,22,8,3,51,11,39,14,44,50,68,41,
70,0,49,53,13,8,4,77,66,17,90,30,27,33,12,2,99,53,38,44,27,47,47,78,58,38,93,54,40,61,95,22,13,44,27,78,5,32,56,71,1,98,54,80,83,66,82,82,72,21,27,99,20,74,78,78,65,23,84,5,84,79,27,49,75,7,80,32,91,36,56,92,86,10,72,69,76,7,51,0,80,30,
71,71,73,61,99,32,65,0,12,47,52,64,4,30,46,78,31,60,6,20,5,65,58,30,31,77,35,88,83,96,89,28,19,62,41,70,47,6,22,11,6,74,76,10,56,22,89,39,35,47,59,92,12,70,22,95,47,57,83,82,5,72,62,76,86,4,99,33,62,73,45,68,0,73,31,56,47,20,96,34,19,7,27,83,77,1,78,76,59,13,11,16,85,
72,57,40,69,54,60,69,79,91,78,78,63,26,13,82,85,40,17,15,41,95,43,52,60,54,21,45,80,66,69,9,14,78,1,83,84,62,5,63,5,35,41,69,61,6,3,98,46,21,13,40,68,57,44,29,63,65,26,95,83,95,5,97,25,58,33,9,20,38,24,78,25,18,47,86,24,50,36,23,23,50,15,92,59,59,73,22,25,99,18,60,47,75,10,72,33,43,
73,58,80,83,96,5,33,32,80,57,34,95,1,93,54,74,68,31,25,86,44,72,13,54,97,46,49,83,4,82,45,40,92,26,23,40,83,57,24,63,66,59,10,19,4,16,45,72,0,70,10,44,95,23,50,44,22,99,27,26,33,72,67,77,50,90,17,33,99,93,48,17,4,58,36,9,75,81,33,27,4,44,71,51,19,
74,41,72,74,20,5,46,39,34,49,81,3,82,33,96,31,50,1,41,39,62,68,72,95,95,76,91,18,27,11,91,22,4,63,48,24,20,95,15,54,44,97,57,78,30,6,9,32,59,3,71,21,71,44,68,67,20,12,85,0,23,77,74,79,92,23,56,13,70,71,19,66,20,77,44,50,35,6,83,94,61,54,15,32,50,35,51,23,47,37,23,22,66,49,2,10,
75,29,43,60,50,72,57,52,7,15,87,53,76,94,20,8,44,55,12,67,3,1,42,77,67,92,79,29,16,89,53,11,71,48,23,73,72,80,25,31,47,13,84,23,59,4,84,3,11,48,71,66,49,13,44,68,57,75,97,74,65,50,85,36,50,8,9,74,41,86,5,40,51,41,16,10,97,52,14,9,0,37,75,49,2,71,17,60,47,14,86,12,17,71,0,
76,99,65,47,41,81,9,38,33,75,99,33,12,27,34,67,98,51,79,45,17,65,9,34,88,9,54,19,70,96,44,18,47,61,17,88,42,26,79,27,2,30,12,66,57,46,33,56,49,64,53,66,29,15,53,17,24,7,89,47,3,33,65,2,46,82,43,40,8,22,67,10,52,31,29,62,29,62,18,30,79,23,96,8,38,49,78,15,8,67,62,11,52,27,66,98,
77,61,49,69,75,19,99,54,43,47,15,81,49,93,48,57,60,10,21,12,89,87,10,50,96,0,20,79,57,4,66,97,17,16,18,92,35,17,99,30,16,14,64,65,7,12,75,67,75,96,31,64,83,93,15,31,93,87,62,2,43,28,51,60,96,69,52,84,38,51,14,54,65,30,20,24,43,95,43,18,43,74,34,78,19,49,9,64,88,
78,0,38,96,36,76,47,50,83,65,81,3,41,76,50,85,46,45,59,80,23,31,82,84,95,70,7,62,54,10,83,45,10,22,93,98,50,93,1,33,10,82,88,51,10,90,36,56,35,48,36,10,79,18,94,74,41,1,88,95,64,72,92,26,46,86,25,48,79,26,34,41,60,22,92,70,65,81,26,52,29,14,63,60,85,9,86,26,11,75,21,75,
79,65,1,97,51,26,45,82,4,79,23,64,54,68,34,71,49,12,75,30,79,38,90,64,48,76,90,11,3,63,38,54,28,39,51,32,18,49,14,22,80,90,39,86,10,73,9,59,38,85,89,17,23,79,81,23,7,71,34,63,34,72,17,14,64,21,46,34,70,13,8,2,55,47,89,65,73,98,76,11,83,65,80,59,96,13,82,3,84,69,18,70,93,36,36,9,57,83,43,79,
80,3,51,22,68,76,73,44,39,8,61,19,67,57,32,2,12,68,71,31,90,16,19,27,26,28,62,69,7,10,25,40,13,77,63,33,5,88,29,45,96,42,16,64,51,49,18,63,69,41,46,12,57,17,91,83,45,53,5,4,15,30,45,80,59,60,13,65,48,94,62,44,36,78,60,87,79,78,2,49,71,1,
81,22,3,69,82,90,48,13,44,49,84,45,62,65,16,18,30,84,27,51,4,3,55,22,59,67,47,28,47,25,95,90,47,98,59,81,88,59,94,85,61,31,82,75,48,98,94,78,82,73,82,39,77,37,61,36,56,60,17,4,85,12,94,32,11,5,14,51,16,60,36,77,43,19,53,92,69,99,22,4,72,4,43,1,94,4,38,50,64,55,6,
82,60,48,11,59,71,15,84,27,58,85,21,62,75,72,78,82,30,80,2,83,67,84,92,67,18,70,80,41,26,37,30,86,37,93,98,60,8,82,88,66,19,61,80,47,85,11,29,16,91,31,99,10,68,43,78,86,14,10,27,92,99,10,30,37,55,28,97,64,62,37,82,34,99,15,81,84,26,10,52,69,94,3,80,62,47,10,0,13,20,
83,5,20,42,87,57,49,16,6,13,30,44,96,64,95,63,45,79,89,8,84,10,54,87,90,68,34,52,68,99,73,0,56,45,94,44,54,44,12,60,9,42,56,57,59,51,20,56,83,61,64,67,72,18,54,14,86,41,67,7,40,92,59,49,37,6,93,91,50,5,3,11,99,60,69,58,63,41,15,98,3,
84,17,8,47,9,52,7,58,89,65,51,32,67,8,36,78,60,48,99,18,63,41,85,62,44,17,31,71,71,7,12,59,24,73,59,34,77,18,92,67,83,96,51,50,56,87,28,16,87,28,35,51,21,72,65,65,41,48,88,12,56,0,24,80,25,83,14,3,1,59,22,84,55,73,86,63,13,66,80,0,46,15,3,67,39,68,32,81,17,
85,73,73,17,5,50,52,20,5,53,31,27,89,38,53,75,1,18,94,81,18,40,48,22,8,88,42,92,21,59,65,14,84,38,84,90,40,36,62,46,42,93,25,31,83,30,59,84,48,53,66,19,93,66,41,1,54,35,46,75,47,11,42,31,1,26,73,41,14,35,39,56,80,17,88,63,47,99,0,48,52,18,67,45,84,60,99,91,95,45,18,42,8,60,
86,2,53,87,94,61,67,11,1,83,10,0,83,58,52,53,77,98,37,37,49,28,33,46,47,27,54,59,53,15,98,53,17,3,40,63,64,59,74,66,94,37,66,29,95,71,82,73,69,20,62,70,0,47,16,99,75,22,59,28,37,57,33,6,12,25,70,76,37,96,94,83,33,13,13,81,84,47,54,5,19,68,75,20,16,43,19,91,65,78,71,54,87,57,60,99,82,82,28,71,
87,68,45,23,67,51,80,87,20,55,7,88,50,78,79,67,9,2,21,96,59,34,48,94,68,28,65,99,2,72,64,42,40,61,17,60,65,98,47,37,5,54,25,56,84,4,75,93,58,97,42,18,83,42,64,51,70,29,3,24,2,19,18,94,80,36,54,45,34,1,82,39,7,7,47,92,63,23,37,74,72,79,92,7,21,56,10,43,
88,32,38,38,13,74,92,10,8,46,45,0,5,4,47,49,20,22,87,94,94,18,38,1,92,46,12,35,83,77,55,75,10,46,65,75,20,9,37,81,7,82,33,13,39,80,14,59,55,1,5,49,72,43,3,64,89,67,51,24,44,59,51,54,5,16,81,77,26,19,58,33,53,91,98,92,24,13,3,79,66,60,80,90,3,83,54,44,2,58,21,47,
89,68,7,12,34,68,93,25,23,28,31,20,31,41,41,78,10,65,31,84,58,66,88,77,72,2,82,32,59,37,36,41,5,43,53,39,11,98,16,87,79,48,7,10,89,0,40,0,17,23,36,76,42,76,53,14,30,87,98,90,24,34,83,29,30,88,21,41,87,37,80,18,37,39,28,27,39,20,79,57,43,67,
90,85,96,90,52,78,78,2,20,54,37,3,36,67,44,57,60,83,94,93,1,32,32,29,11,72,1,42,81,44,9,66,82,57,8,34,36,38,36,56,93,25,12,29,44,56,38,5,39,84,98,92,16,82,73,79,54,74,21,87,18,83,5,0,92,14,86,28,52,75,37,97,52,1,78,97,57,16,54,48,1,4,92,69,86,65,
91,39,22,80,57,57,38,10,50,4,48,78,8,23,67,6,76,68,36,25,77,5,79,77,58,35,69,27,21,34,28,66,25,3,99,83,60,37,45,10,93,93,41,1,69,8,59,97,29,96,22,58,1,53,36,59,40,57,38,61,44,19,80,69,22,79,52,82,68,49,45,61,95,86,62,64,46,22,61,75,70,35,86,23,40,22,82,80,79,72,93,23,91,73,
92,65,4,97,0,24,99,45,85,94,31,0,58,29,74,71,57,44,58,43,67,98,17,1,78,96,25,23,72,17,97,17,34,53,66,34,78,65,79,15,59,62,15,69,92,41,92,1,85,50,44,4,48,61,57,78,9,83,2,33,52,99,50,86,4,69,73,82,86,52,98,46,67,65,67,59,7,60,12,44,10,8,1,11,69,10,89,30,93,91,64,97,42,66,
93,74,13,31,20,80,97,39,91,56,99,3,52,62,11,53,73,32,64,62,15,9,54,79,59,48,97,47,95,85,8,77,59,21,8,31,54,57,70,45,13,22,1,66,36,64,71,9,49,87,23,64,97,29,95,8,78,44,55,73,29,63,2,40,36,63,71,90,72,94,88,38,68,41,56,4,57,27,65,6,15,88,
94,14,27,21,95,42,76,36,78,91,59,21,63,5,9,53,73,50,9,29,59,37,94,66,4,35,40,20,53,10,92,1,24,71,74,19,13,2,7,43,45,67,64,61,72,25,14,46,27,24,75,87,13,22,53,69,57,45,89,62,55,81,63,79,4,89,51,69,92,58,12,89,25,29,50,50,54,65,48,82,41,75,69,54,97,74,23,54,19,64,68,27,45,83,6,1,73,
95,6,45,63,57,95,18,74,95,52,15,71,73,69,68,47,44,75,18,60,43,45,5,27,4,58,52,65,28,69,85,62,27,31,26,36,78,96,10,74,48,25,45,21,46,65,20,42,40,90,2,36,88,59,15,92,17,67,9,97,88,95,60,67,78,38,4,56,34,66,82,34,44,79,7,42,97,27,37,37,69,39,25,
96,1,20,59,11,18,99,6,30,67,84,20,23,92,54,41,27,40,85,58,47,28,55,26,65,45,47,56,70,5,59,63,6,32,74,69,50,26,27,32,45,11,52,68,56,58,9,83,50,47,41,97,27,49,75,44,94,22,52,64,79,12,79,38,44,6,7,46,32,35,30,77,98,34,97,54,92,58,89,42,5,83,91,84,32,66,28,78,40,81,42,20,45,
97,17,39,64,52,69,41,51,3,90,57,47,48,99,41,6,34,32,42,18,50,71,96,90,4,90,62,1,64,72,94,96,90,85,60,94,54,53,97,9,95,55,8,96,6,49,2,40,81,96,58,83,19,54,25,75,44,88,76,61,60,22,57,2,7,70,97,13,75,46,74,71,1,82,67,59,83,21,51,64,17,
98,37,15,25,12,12,13,41,73,25,15,82,80,23,4,29,36,32,75,63,3,29,45,22,88,81,95,40,97,12,1,97,1,17,22,66,81,87,59,6,12,74,40,44,49,45,73,38,29,49,1,32,78,98,6,18,79,1,58,77,13,12,74,67,81,48,85,62,35,44,20,99,70,60,44,20,57,69,58,86,18,59,70,48,9,76,19,89,77,77,66,43,89,92,62,22,40,47,84,27,
99,4,26,61,17,22,33,74,92,91,13,62,2,83,63,12,12,82,1,89,11,19,84,1,63,46,75,55,45,60,82,88,16,60,2,33,83,35,60,75,27,73,89,29,8,52,93,20,34,94,62,46,65,46,99,28,45,74,35,42,86,17,31,55,78,33,40,13,68,0,40,47,25,29,29,86,34,22,58,68,17,20,66,34,19,17,15,16,92,50,58,30,
